50
1100000000011000011101010101000001001100100000000000000010010101
1100000000001000011101010101000000001100100000000001000010110101
1100000000001000011101010101000001001100100000000001000010110111
1100000000001000011101010101000001001100100000000001000010110111
1100000000001000011101010101000001001100100000000001000010110101
1100000000001000011101010101000001001100100000000001000010110101
1100000000001000011101010101000001001100100000000001000010110101
1100000000001000011101010101000001001100100000000001000010110101
1100000000001000011101010101000001001100100000000001000010110101
1100000000001000011101010101000001001100100000000000000010110101
1100000000001000011100010101000001001101100000000001000010110101
1100000000001000011101010101000001001100100000000001000010010101
1100000000001000011101010101000001001100100000000001000010010001
1100000000001000011101010101000101001100100000000001000010010001
1100000000011000011101010101000001001100100000000001000010010111
1100000000001000011101010101000001001100100000000001000010110001
1100000000001000011101010101000001001100100000000001000010110101
1100000000001000011101010101000001001100100000000001000010110001
1100000000001000011101010101000001001100100000000001000010111001
1100000000001000011101010101000001001100100000000000000010110111
1100000000001000011101010101000001001100100000000001000010110001
1000000000001000011101010101000001001100100000000001000011110101
1100000000001000011101010101000001001100100000000001000010110001
1100000000001000011101010101000001001100100000000001000010010101
1100000000001010011101010101000001001100100000000001000010110001
1100000000001000011101010101000001001100100000000001000010110000
1100000000001000011101010101000001001101100000000001000010110101
1100000000011000011101010101000001001100100000000000000010110101
1100000000001000011101000101000001001100100000001001000010010001
1100000000001000011101010101000001001100100000000001000010010101
1100000000011000011101010101000001001100100000000000000010110101
1100000000001000011111010101000001001100100000000001000010110101
1100000000001000011101010101000001001100100000000001000010010101
1100001000001000011101010101000001001100100000000001000010110101
1100000000001000011101010001000001001100100000000001000010110101
1100000000001000011101010101000001001100100000000001000010110111
1100000000001000011101010101000001001100100000000001000010010101
1100000000001000011101010101000001001100100000000001000010110111
1100000000001000011101010101000001001100100000000001000010010101
1100100000011000011101010101000001001100100000000000000010111101
1100000000001000011101010101000001001100100000000001000010110111
1100000000001000011101010101000001001000100000000001000010110101
1100000000011000011101010101000001001100100001000000000010110101
1100101000001000011101010101000001001100100000000011000010110101
1100000000001000011101010101010001001100100000000001000010010101
1100000000001000011101010101000001001100101000000001000010010001
0100000000011000011101010101000001001100100000000001000010110101
1100000000001000011101000101000001001100100000000001000010010101
1100000000001000011101010001000001001100100000000000000010010101
1100000000001000011100010101000001001100100000000001000010010101
